ID	POP	REG	Pop0	Pop1	Pop2
ME699	Half_Elven1	Half_Elven	0.034447	0.954747	0.010806
ME700	Half_Elven1	Half_Elven	0.085389	0.859756	0.054855
ME701	Half_Elven1	Half_Elven	0.089457	0.848052	0.062491
ME702	Half_Elven1	Half_Elven	0.008325	0.942389	0.049286
ME703	Half_Elven1	Half_Elven	0.083080	0.916910	0.000010
ME704	Half_Elven1	Half_Elven	0.054881	0.895818	0.049301
ME705	Half_Elven1	Half_Elven	0.058873	0.909288	0.031840
ME706	Half_Elven1	Half_Elven	0.002861	0.935895	0.061244
ME707	Half_Elven1	Half_Elven	0.066936	0.881149	0.051915
ME708	Half_Elven1	Half_Elven	0.064064	0.906719	0.029217
ME709	Half_Elven1	Half_Elven	0.000010	0.971403	0.028587
ME710	Half_Elven1	Half_Elven	0.000010	0.962607	0.037383
ME711	Half_Elven1	Half_Elven	0.084257	0.915733	0.000010
ME712	Half_Elven1	Half_Elven	0.046200	0.918914	0.034886
ME713	Half_Elven1	Half_Elven	0.000010	0.967861	0.032129
ME714	Half_Elven1	Half_Elven	0.074828	0.891917	0.033255
ME715	Half_Elven1	Half_Elven	0.000010	0.981394	0.018596
ME716	Half_Elven1	Half_Elven	0.000010	0.969300	0.030690
ME717	Half_Elven1	Half_Elven	0.037007	0.962983	0.000010
ME718	Half_Elven1	Half_Elven	0.062268	0.899076	0.038656
ME719	Half_Elven1	Half_Elven	0.095906	0.860520	0.043574
ME720	Half_Elven1	Half_Elven	0.000010	0.961203	0.038787
ME721	Half_Elven1	Half_Elven	0.017416	0.955943	0.026641
ME722	Half_Elven1	Half_Elven	0.051266	0.896095	0.052639
ME723	Half_Elven1	Half_Elven	0.176840	0.760976	0.062184
ME724	Half_Elven1	Half_Elven	0.183911	0.745893	0.070196
ME725	Half_Elven1	Half_Elven	0.137339	0.786446	0.076215
ME726	Half_Elven1	Half_Elven	0.078553	0.870091	0.051356
ME727	Half_Elven1	Half_Elven	0.217669	0.719024	0.063306
ME728	Half_Elven1	Half_Elven	0.099334	0.861147	0.039519
ME729	Half_Elven1	Half_Elven	0.999980	0.000010	0.000010
ME730	Half_Elven1	Half_Elven	0.999980	0.000010	0.000010
ME731	Half_Elven1	Half_Elven	0.097051	0.884253	0.018697
ME732	Half_Elven1	Half_Elven	0.999980	0.000010	0.000010
ME733	Half_Elven1	Half_Elven	0.999980	0.000010	0.000010
ME734	Half_Elven1	Half_Elven	0.238871	0.715321	0.045809
ME735	Half_Elven1	Half_Elven	0.223039	0.755759	0.021202
ME736	Half_Elven1	Half_Elven	0.283052	0.587179	0.129768
ME737	Half_Elven1	Half_Elven	0.139033	0.832977	0.027990
ME738	Half_Elven1	Half_Elven	0.000010	0.000010	0.999980
ME739	Half_Elven1	Half_Elven	0.000010	0.000010	0.999980
ME740	Half_Elven1	Half_Elven	0.139952	0.588552	0.271496
ME741	Half_Elven1	Half_Elven	0.106357	0.812410	0.081233
ME742	Half_Elven1	Half_Elven	0.000010	0.888916	0.111074
ME743	Half_Elven1	Half_Elven	0.037362	0.833767	0.128871
ME744	Half_Elven1	Half_Elven	0.062993	0.892168	0.044840
ME745	Half_Elven1	Half_Elven	0.014558	0.975939	0.009502
ME746	Half_Elven1	Half_Elven	0.012686	0.965630	0.021685
ME747	Half_Elven1	Half_Elven	0.006045	0.958676	0.035279
ME748	Half_Elven1	Half_Elven	0.003990	0.996000	0.000010
ME749	Half_Elven1	Half_Elven	0.054824	0.942752	0.002424
ME750	Half_Elven1	Half_Elven	0.086199	0.902130	0.011671
ME751	Half_Elven1	Half_Elven	0.021891	0.949692	0.028417
ME752	Half_Elven1	Half_Elven	0.168566	0.831424	0.000010
ME753	Half_Elven1	Half_Elven	0.106490	0.861611	0.031899
ME754	Half_Elven1	Half_Elven	0.049786	0.895451	0.054763
ME755	Half_Elven1	Half_Elven	0.018877	0.947054	0.034069
ME756	Half_Elven1	Half_Elven	0.145298	0.845606	0.009096
ME757	Half_Elven1	Half_Elven	0.068232	0.884139	0.047630
ME758	Half_Elven1	Half_Elven	0.055625	0.903218	0.041157
ME759	Half_Elven1	Half_Elven	0.076224	0.902469	0.021306
ME760	Half_Elven1	Half_Elven	0.117005	0.845964	0.037031
ME761	Half_Elven1	Half_Elven	0.071459	0.918810	0.009731
ME762	Half_Elven1	Half_Elven	0.051005	0.928211	0.020784
ME763	Half_Elven1	Half_Elven	0.023916	0.934953	0.041131
ME764	Half_Elven1	Half_Elven	0.025786	0.944815	0.029399
ME765	Half_Elven1	Half_Elven	0.035178	0.964812	0.000010
ME766	Half_Elven1	Half_Elven	0.082046	0.883780	0.034173
ME767	Half_Elven1	Half_Elven	0.084509	0.883628	0.031862
